8783
4518
9730
5497
1630
26369
6039
2311
31501
8745
1214
9971
11618
12827
32336
25412
3482
8500
5125
16996
13256
30535
32310
27601
30654
494
5351
21780
16432
30493
14340
6391
19735
9725
3307
20211
340
10743
13611
30440
28566
21518
25227
19729
11901
15987
27727
6710
14336
15955
18870
21539
22540
10228
5575
8794
28269
6400
77
6917
2034
15649
20513
19502
4812
16589
23207
25906
12856
26212
5275
5235
30046
29048
8206
27982
30072
23659
31659
27213
7990
3136
14143
24477
11105
30379
20857
29122
2752
28266
8942
25737
18744
2520
31327
22078
11318
22464
20031
15136
4178
22127
10096
11538
18988
24845
10574
25491
3738
1837
23278
26608
9734
674
5543
22968
28433
16276
15570
22385
29820
10964
8911
24457
6729
14957
16201
